Al usuarioDragos le ha tocado la tarea: [9087, 2345, 4321, 876, 987, 345, 765, 567, 987, 543, 987, 234, 654, 987, 432, 987, 123, 543, 234, 567]

Al usuarioJose Vicente le ha tocado la tarea: [123, 345, 567, 789, 321, 876, 543, 432, 123, 654, 432, 765, 876, 543, 321, 654, 987, 543, 987, 765]

Al usuarioJose Manuel le ha tocado la tarea: [4321, 7654, 8765, 9876, 4321, 987, 234, 567, 543, 987, 234, 876, 432, 234, 765, 987, 123, 543, 987, 234]

Al usuarioAlbert le ha tocado la tarea: [543, 123, 654, 876, 543, 123, 543, 345, 765, 432, 987, 345, 876, 543, 432, 987, 234, 876, 432, 765]

Al usuarioborja le ha tocado la tarea: [8765, 6543, 3210, 765, 432, 543, 345, 432, 876, 234, 567, 432, 987, 543, 987, 654, 234, 123, 432, 876]

Al usuarioBlanca le ha tocado la tarea: [345, 765, 123, 432, 987, 234, 567, 543, 234, 876, 345, 987, 543, 987, 123, 987, 543, 234, 876, 432]

